0.023809524
0.015873016
0.015873016
0.015873016
0.015873016
0.015873016
0.007936508
0.007936508
0.007936508
0.007936508
0.007936508
0.007936508
0.007936508
0.007936508
0.007936508
0.007936508
0.007936508
0.007936508
0.007936508
0.007936508
0.007936508
0.007936508
0.007936508
0.007936508
0.007936508
0.007936508
0.007936508
0.007936508
0.007936508
0.007936508
0.007936508
0.007936508
0.007936508
0.007936508
0.007936508
0.007936508
0.007936508
0.007936508
0.007936508
0.007936508
0.007936508
0.007936508
0.007936508
0.007936508
0.007936508
0.007936508
0.007936508
0.007936508
0.007936508
0.007936508
0.007936508
0.007936508
0.007936508
0.007936508
0.007936508
0.007936508
0.007936508
0.007936508
0.007936508
0.007936508
0.007936508
0.007936508
0.007936508
0.007936508
0.007936508
0.007936508
0.007936508
0.007936508
0.007936508
0.007936508
0.007936508
0.007936508
0.007936508
0.007936508
0.007936508
0.007936508
0.007936508
0.007936508
0.007936508
0.007936508
0.007936508
0.007936508
0.007936508
0.007936508
0.007936508
0.007936508
0.007936508
0.007936508
0.007936508
0.007936508
0.007936508
0.007936508
0.007936508
0.007936508
0.007936508
0.007936508
0.007936508
0.007936508
0.007936508
0.007936508
0.007936508
0.007936508
0.007936508
0.007936508
0.007936508
0.007936508
0.007936508
0.007936508
0.007936508
0.007936508
0.007936508
0.007936508
0.007936508
0.007936508
0.007936508
0.007936508
0.007936508
0.007936508
0.007936508
